function [Hankel0,Hankel1,coe_cos,coe_sin]=module_coe()
    Hankel0 = [0.364935144342236361e-06,0.459426125596165355e-06,0.578383226372192871e-06,0.728141338237451008e-06,0.916675639151023806e-06,0.115402624846588193e-05,0.145283298279464874e-05,0.182900834094847121e-05,0.230258511075556836e-05,0.289878285803243307e-05,0.364935148347905765e-05,0.459426119166381613e-05,0.578383236400647029e-05,0.728141322020057452e-05,0.916675664208662794e-05,0.115402620746486191e-04,0.145283304520830811e-04,0.182900823690450017e-04,0.230258526542845600e-04,0.289878259248948496e-04,0.364935186362704829e-04,0.459426050794428093e-04,0.578383328556258316e-04,0.728141143626773656e-04,0.916675882423198493e-04,0.115402573288427400e-03,0.145283354051004205e-03,0.182900693940545332e-03,0.230258629925653890e-03,0.289877891368842123e-03,0.364935362321233419e-03,0.459424959663396089e-03,0.578383437219697544e-03,0.728137737760237273e-03,0.916674828386695907e-03,0.115401453005088018e-02,0.145282561007697731e-02,0.182896825859384708e-02,0.230254534781380365e-02,0.289863978964461360e-02,0.364916703316100796e-02,0.459373308328486989e-02,0.578303238144557087e-02,0.727941496975758733e-02,0.916340705413079980e-02,0.115325691146795024e-01,0.145145831645573232e-01,0.182601199326851750e-01,0.229701041792819419e-01,0.288702619191586006e-01,0.362691809613232495e-01,0.454794030973154335e-01,0.569408192479313964e-01,0.709873071831030660e-01,0.880995425792317874e-01,0.108223889335475056e+00,0.131250483224772498e+00,0.155055714823168038e+00,0.176371505568192490e+00,0.185627738272899384e+00,0.169778044200095828e+00,0.103405244827180145e+00,-.302583232566519568e-01,-.227574392602047040e+00,-.362173216902200771e+00,-.205500445107856343e+00,0.337394873185992763e+00,0.317689897099411166e+00,-.513762159861197311e+00,0.309130263600250108e+00,-.126757592256220731e+00,0.461967889903805791e-01,-.180968674387848335e-01,0.835426050954768554e-02,-.447368303849678464e-02,0.261974783476745090e-02,-.160171357135694156e-02,0.997717881954532815e-03,-.626275815473540428e-03,0.394338818456790763e-03,-.248606353686170551e-03,0.156808604001991345e-03,-.989266288392209703e-04,0.624152397750552433e-04,-.393805392720510594e-04,0.248472358468080778e-04,-.156774945451894109e-04,0.989181741463740010e-05,-.624131160475038560e-05,0.393800058153355867e-05,-.248471018484922321e-05,0.156774608863295384e-05,-.989180895991358566e-06,0.624130948101973513e-06,-.393800004807653343e-06,0.248471005085087638e-06,-.156774605497409087e-06,0.989180887536634442e-07,-.624130945978242832e-07,0.393800004274196314e-07,-.248471004951089291e-07,0.156774605463750224e-07,-.989180887452087201e-08,0.624130945957005525e-08,-.393800004268861744e-08,0.248471004949749308e-08,-.156774605463413636e-08,0.989180887451241728e-09,-.624130945956793152e-09,0.393800004268808398e-09,-.248471004949735908e-09,0.156774605463410270e-09,-.989180887451233274e-10,0.624130945956791028e-10,-.393800004268807865e-10,0.248471004949735774e-10,-.156774605463410236e-10,0.989180887451233189e-11,-.624130945956791007e-11];
    Hankel1 = [0.285321327390846419e-12,0.464471807787310823e-12,0.716694770893024990e-12,0.116670043179880559e-11,0.180025587053788085e-11,0.293061898426632271e-11,0.452203829443584192e-11,0.736138206246847987e-11,0.113588466344734956e-10,0.184909557196550049e-10,0.285321327381857015e-10,0.464471807764730461e-10,0.716694770836305685e-10,0.116670043165633314e-09,0.180025587018000623e-09,0.293061898336738231e-09,0.452203829217780572e-09,0.736138205679654938e-09,0.113588466202262503e-08,0.184909556838675429e-08,0.285321326482916613e-08,0.464471805506694264e-08,0.716694765164375206e-08,0.116670041740908795e-07,0.180025583439254444e-07,0.293061889347334297e-07,0.452203806637418944e-07,0.736138148960351502e-07,0.113588451955017854e-06,0.184909521051215789e-06,0.285321236588885832e-06,0.464471579703112032e-06,0.716694197971476388e-06,0.116669899268516265e-05,0.180025225564872863e-05,0.293060990407881733e-05,0.452201548605001288e-05,0.736132477044918101e-05,0.113587027236488563e-04,0.184905942328882810e-04,0.285312247279880938e-04,0.464448999719413508e-04,0.716637480172543204e-04,0.116655652622837224e-03,0.179989440489661657e-03,0.292971105869839951e-03,0.451975782811531540e-03,0.735565434583969164e-03,0.113444614727591584e-02,0.184548306327827857e-02,0.284414256619740027e-02,0.462194743491104455e-02,0.710980590181962031e-02,0.115236911444438196e-01,0.176434484568094764e-01,0.284076233465537248e-01,0.429770595748046330e-01,0.680332568691810422e-01,0.997845928531263649e-01,0.151070544458040504e+00,0.203540580591255529e+00,0.271235377139048030e+00,0.276073871275752592e+00,0.216691977203512323e+00,-.783723736784348072e-01,-.340675626730024971e+00,-.360693673468037724e+00,0.513024526436173266e+00,-.594724728868967545e-01,-.195117123412654681e+00,0.199235599568114317e+00,-.138521552524193357e+00,0.879320858992529346e-01,-.550697146427606097e-01,0.345637848240640217e-01,-.217527180247037705e-01,0.137100290937018248e-01,-.864656416608597719e-02,0.545462757688052757e-02,-.344138864200891644e-02,0.217130685868515079e-02,-.136998627892583777e-02,0.864398952031650225e-03,-.545397874411318454e-03,0.344122545098689655e-03,-.217126584577379465e-03,0.136997597482947991e-03,-.864396363547767330e-04,0.545397224192357587e-04,-.344122381768954759e-04,0.217126543550593039e-04,-.136997587177463983e-04,0.864396337661540687e-05,-.545397217690029321e-05,0.344122380135643533e-05,-.217126543140323787e-05,0.136997587074409004e-05,-.864396337402678281e-06,0.545397217625006024e-06,-.344122380119310419e-06,0.217126543136221094e-06,-.136997587073378454e-06,0.864396337400089657e-07,-.545397217624355791e-07,0.344122380119147088e-07,-.217126543136180067e-07,0.136997587073368149e-07,-.864396337400063771e-08,0.545397217624349289e-08,-.344122380119145454e-08,0.217126543136179657e-08,-.136997587073368045e-08,0.864396337400063512e-09,-.545397217624349224e-09,0.344122380119145438e-09,-.217126543136179653e-09,0.136997587073368044e-09,-.864396337400063510e-10,0.545397217624349223e-10];
